0.846711 0.146037 0.34286
0.653746 0.157466 0.648882
0.343815 0.856767 0.153649
0.344114 0.839756 0.147251
0.34411 0.342445 0.639166
0.349611 0.344181 0.645177
0.650871 0.646692 0.853952
0.646083 0.641906 0.841543
0.351699 0.339407 0.639757
0.341194 0.348221 0.64351
0.860165 0.149274 0.351166
0.847159 0.157943 0.344879
0.348949 0.854181 0.146934
0.342091 0.36096 0.64789
0.658761 0.141421 0.643353
0.852784 0.144684 0.346685
0.643138 0.154708 0.657239
0.844583 0.152105 0.334383
0.847007 0.155532 0.368216
0.856793 0.150777 0.342905
0.352638 0.841214 0.147899
0.358678 0.356083 0.654955
0.354898 0.360784 0.653346
0.652413 0.16513 0.650326
0.353657 0.346376 0.650529
0.358139 0.843457 0.161151
0.363413 0.857931 0.154799
0.656146 0.14378 0.646081
0.346586 0.853712 0.151706
0.65346 0.658036 0.844919
0.647283 0.151246 0.645944
0.651334 0.649423 0.854213
0.849183 0.160746 0.347815
0.647738 0.144591 0.662688
0.63544 0.647039 0.842966
0.645352 0.646604 0.856803
0.643587 0.145396 0.647665
0.65243 0.153775 0.653712
0.342489 0.35133 0.655634
0.662988 0.168341 0.640376
0.846174 0.151522 0.34944
0.34127 0.357696 0.647825
0.352114 0.353323 0.649313
0.344325 0.854022 0.154909
0.649083 0.148264 0.644597
0.847898 0.151884 0.342689
0.351131 0.860108 0.151305
0.350856 0.85113 0.15713
0.844455 0.147009 0.347589
0.35155 0.349963 0.645622
0.362251 0.846001 0.145915
0.345305 0.857524 0.147851
0.35907 0.850344 0.138429
0.852161 0.154384 0.349754
0.35494 0.342528 0.648309
0.645012 0.646594 0.85031
0.852223 0.160927 0.343476
0.65073 0.163235 0.64012
0.650658 0.64848 0.851681
0.34456 0.850212 0.159917
0.646046 0.656771 0.848476
0.35853 0.356347 0.65222
0.341368 0.346697 0.638787
0.656181 0.657386 0.854021
0.356672 0.352636 0.649005
0.852544 0.147588 0.364006
0.347772 0.359196 0.632716
0.847829 0.143572 0.340122
0.340042 0.350463 0.651819
0.651223 0.154483 0.640802
0.359587 0.851958 0.140087
0.342561 0.84753 0.136731
0.650865 0.647551 0.847335
0.648983 0.654208 0.851873
0.359446 0.859456 0.153099
0.847959 0.149689 0.346826
0.645168 0.159312 0.654062
0.342968 0.85313 0.14717
0.648882 0.153299 0.65248
0.644168 0.145973 0.637543
0.348418 0.340609 0.660957
0.348847 0.845066 0.150514
0.647879 0.641939 0.859935
0.350138 0.840626 0.155324
0.853185 0.15506 0.347678
0.360512 0.856218 0.151238
0.34335 0.849902 0.166461
0.844956 0.152725 0.350207
0.340559 0.3508 0.637255
0.847198 0.154698 0.355942
0.663294 0.154922 0.644529
0.856622 0.14391 0.353426
0.35576 0.354462 0.660326
0.656298 0.647093 0.843353
0.353533 0.845996 0.147117
0.641253 0.646078 0.855943
0.348625 0.34215 0.649089
0.340788 0.848991 0.15058
0.339409 0.837304 0.157854
0.649707 0.153178 0.642224
0.639449 0.156108 0.652119
0.646669 0.153747 0.654329
0.851232 0.152231 0.352305
0.348817 0.854816 0.144342
0.851854 0.151633 0.340319
0.340926 0.349836 0.654425
0.641641 0.647147 0.854701
0.655803 0.649687 0.851574
0.347947 0.84674 0.14738
0.351759 0.852934 0.150391
0.85028 0.156276 0.348402
0.345117 0.846549 0.150067
0.645313 0.650866 0.856534
0.852326 0.153047 0.358672
0.353396 0.365995 0.646837
0.343638 0.86138 0.157634
0.653763 0.158505 0.642843
0.848808 0.149618 0.359421
0.854587 0.147957 0.350429
0.647737 0.64822 0.84339
0.635798 0.141844 0.639432
0.850357 0.145602 0.356537
0.650375 0.651981 0.835998
0.345289 0.852191 0.148996
0.664733 0.645631 0.843393
0.345303 0.344766 0.650997
0.653487 0.661407 0.8514
0.342984 0.851044 0.148674
0.845745 0.146158 0.349055
0.350578 0.850313 0.139513
0.351508 0.351455 0.648101
0.852854 0.147819 0.340601
0.642709 0.653404 0.864911
0.645572 0.657031 0.851008
0.653645 0.653296 0.846246
0.646575 0.151821 0.655646
0.352612 0.34213 0.65427
0.65217 0.649359 0.847788
0.667078 0.150495 0.643701
0.838214 0.143358 0.343946
0.363015 0.842086 0.148066
0.358034 0.345319 0.644989
0.341432 0.356425 0.645385
0.848891 0.154251 0.364623
0.348689 0.353814 0.639725
0.340847 0.360807 0.659335
0.657611 0.158846 0.653736
0.351978 0.350171 0.647623
0.651626 0.65561 0.847157
0.353279 0.35295 0.649778
0.658996 0.652462 0.856772
0.359689 0.344585 0.647263
0.849006 0.140835 0.343701
0.654411 0.638581 0.857065
0.65819 0.152589 0.645793
0.339336 0.343729 0.660506
0.349131 0.358784 0.650339
0.848458 0.142001 0.347706
0.345716 0.845272 0.156846
0.654387 0.149375 0.644192
0.837351 0.153297 0.348729
0.347673 0.349658 0.659491
0.84178 0.154165 0.350486
0.352961 0.343417 0.647698
0.844805 0.154132 0.353727
0.653054 0.655802 0.858799
0.847252 0.15688 0.345242
0.646616 0.143012 0.651416
0.356516 0.857038 0.147939
0.361894 0.847368 0.143366
0.652771 0.148883 0.652364
0.852552 0.158452 0.35995
0.355902 0.855524 0.14565
0.353333 0.342959 0.654262
0.346138 0.364375 0.65197
0.650762 0.65151 0.85606
0.643718 0.645665 0.845668
0.350327 0.342123 0.650982
0.345477 0.347417 0.651328
0.853182 0.157353 0.362612
0.350793 0.845522 0.154982
0.656264 0.1561 0.654721
0.656568 0.153439 0.64612
0.356005 0.851388 0.145547
0.658448 0.138822 0.666727
0.640321 0.658243 0.853427
0.361595 0.344077 0.649036
0.656024 0.148689 0.649711
0.850416 0.147978 0.338977
0.347558 0.347627 0.654166
0.64446 0.155665 0.656794
0.351944 0.84943 0.162095
0.648306 0.642122 0.84887
0.661828 0.647736 0.850517
0.65348 0.1542 0.660878
0.650088 0.651514 0.845048
0.340318 0.853759 0.140265
0.342761 0.846489 0.162262
0.65481 0.645022 0.865426
0.664487 0.652752 0.851676
0.635219 0.151358 0.636867
0.351044 0.848128 0.154272
0.356622 0.849793 0.152244
0.351812 0.346084 0.649246
0.85326 0.150885 0.349693
0.643395 0.641644 0.852403
0.649123 0.155828 0.644982
0.647105 0.155209 0.648607
0.3507 0.347215 0.656781
0.645233 0.151739 0.647492
0.358758 0.842104 0.147275
0.656001 0.147783 0.643683
0.363529 0.847655 0.146701
0.863866 0.13889 0.355589
0.355545 0.860515 0.148322
0.353157 0.843318 0.145424
0.651725 0.657158 0.843218
0.66641 0.652924 0.844779
0.353869 0.845344 0.139708
0.839087 0.150274 0.353849
0.850482 0.143847 0.347217
0.345617 0.351659 0.651687
0.353473 0.842672 0.142812
0.348338 0.853908 0.150516
0.358333 0.354505 0.651051
0.635098 0.62718 0.864126
0.855942 0.153952 0.358535
0.342729 0.344132 0.666635
0.846541 0.150889 0.351201
0.349895 0.851964 0.149155
0.351662 0.354413 0.634182
0.658599 0.630625 0.839396
0.340184 0.853093 0.144586
0.647073 0.645285 0.846866
0.642572 0.644123 0.853188
0.352967 0.862104 0.143507
0.655025 0.150125 0.652221
0.354779 0.847721 0.154606
0.347021 0.347288 0.646168
0.645321 0.142411 0.643543
0.653478 0.156829 0.655532
0.344317 0.341028 0.649735
0.34753 0.845657 0.14467
0.64659 0.147164 0.658347
0.35402 0.851017 0.151735
0.345003 0.855887 0.142893
0.83575 0.14248 0.344241
0.644336 0.656342 0.857494
0.654011 0.154676 0.644857
0.845508 0.154116 0.342136
0.346847 0.847661 0.148978
0.346479 0.853732 0.148111
0.64978 0.646779 0.851198
0.350479 0.337498 0.656228
0.644124 0.652927 0.848559
0.65488 0.150434 0.653707
0.654421 0.649674 0.85108
0.657559 0.653804 0.848266
0.348601 0.343695 0.653865
0.338514 0.360497 0.653609
0.648399 0.154331 0.648201
0.661746 0.137449 0.656011
0.345007 0.839434 0.152771
0.354831 0.346418 0.650415
0.648627 0.147118 0.652664
0.843978 0.156861 0.35442
0.346415 0.839847 0.148366
0.840361 0.143274 0.356462
0.34409 0.348962 0.64323
0.660994 0.647542 0.848667
0.3398 0.351511 0.663909
0.644196 0.650239 0.846726
0.655542 0.148737 0.65461
0.644197 0.151695 0.642427
0.655627 0.144767 0.648407
0.354422 0.342909 0.645227
0.848617 0.143638 0.351867
0.647686 0.653675 0.847248
0.642529 0.648143 0.845853
0.642629 0.654674 0.840547
0.350094 0.353446 0.648614
0.652216 0.152808 0.648678
0.842702 0.14039 0.347499
0.341026 0.855913 0.153025
0.651825 0.648045 0.851673
0.658642 0.152169 0.66726
0.860729 0.140632 0.352713
0.837818 0.150664 0.358908
0.651432 0.661708 0.853734
0.645105 0.650372 0.845261
0.343454 0.350548 0.655404
0.351803 0.85008 0.162116
0.846685 0.142704 0.354115
0.349362 0.35306 0.650747
0.844065 0.148459 0.352129
0.852072 0.145045 0.349689
0.647392 0.643958 0.843284
0.342591 0.838978 0.147253
0.65836 0.653218 0.856022
0.647634 0.146725 0.645391
0.65063 0.651042 0.84166
0.856097 0.150651 0.351631
0.86209 0.153882 0.360355
0.35709 0.857025 0.140569
0.633591 0.642714 0.846811
0.344968 0.857007 0.154658
0.650427 0.652093 0.845041
0.355324 0.351366 0.655081
0.345559 0.34966 0.648802
0.847258 0.15205 0.344312
0.64721 0.149909 0.646727
0.660113 0.143506 0.649865
0.337965 0.85171 0.157113
0.645337 0.643641 0.864226
0.64833 0.140898 0.655216
0.344701 0.34995 0.65656
0.641618 0.15871 0.655643
0.351363 0.354848 0.648276
0.351593 0.350854 0.659283
0.857172 0.139073 0.348005
0.64227 0.648263 0.850845
0.844818 0.142978 0.351563
0.84072 0.151919 0.348391
0.347125 0.855925 0.15363
0.341062 0.843713 0.151341
0.63506 0.150988 0.652841
0.641017 0.154102 0.643954
0.354065 0.351474 0.65143
0.852142 0.150074 0.349339
0.647196 0.161181 0.646472
0.84813 0.138365 0.341372
0.645974 0.146042 0.656586
0.343222 0.35308 0.654681
0.346185 0.355183 0.644243
0.850913 0.153787 0.356112
0.342209 0.353594 0.656307
0.643071 0.15482 0.655879
0.840831 0.142543 0.35456
0.646299 0.152558 0.655634
0.850965 0.138848 0.349931
0.344766 0.851067 0.159858
0.842912 0.155633 0.352507
0.646045 0.145325 0.660446
0.643583 0.151269 0.654119
0.652086 0.657435 0.854842
0.854515 0.156807 0.352858
0.353661 0.353765 0.64876
0.359372 0.344168 0.645228
0.829667 0.148722 0.362269
0.843446 0.15429 0.35099
0.652304 0.662155 0.859847
0.354492 0.854584 0.155305
0.662619 0.651873 0.85847
0.654301 0.650671 0.857487
0.851895 0.145817 0.350352
0.647108 0.155471 0.655855
0.349094 0.845084 0.150555
0.347179 0.344845 0.646743
0.346921 0.343868 0.640866
0.852789 0.153831 0.350784
0.850178 0.146819 0.353918
0.654413 0.654127 0.844704
0.644216 0.146292 0.641244
0.854142 0.154431 0.349423
0.345882 0.350433 0.639118
0.851738 0.150807 0.348414
0.647597 0.151049 0.654537
0.651417 0.154603 0.646009
0.33344 0.352943 0.647736
0.649171 0.149362 0.642433
0.657094 0.158192 0.648364
0.642453 0.644776 0.854498
0.659547 0.156234 0.653255
0.854986 0.149086 0.348758
0.644265 0.152905 0.65411
0.847781 0.146789 0.343653
0.348488 0.850928 0.145571
0.854646 0.15724 0.346805
0.858403 0.146968 0.33802
0.847903 0.139216 0.356642
0.338276 0.854645 0.154099
0.652654 0.650304 0.852606
0.343808 0.351936 0.641459
0.652592 0.645757 0.858316
0.354479 0.854983 0.142697
0.650477 0.652051 0.844817
0.654214 0.143444 0.655421
0.33609 0.852334 0.147283
0.338576 0.845336 0.147445
0.842468 0.148817 0.360896
0.657516 0.65683 0.85398
0.647758 0.156805 0.643336
0.641773 0.65842 0.853509
0.350962 0.357347 0.64721
0.352771 0.352434 0.648458
0.848654 0.155723 0.342939
0.649837 0.651371 0.843319
0.63886 0.146201 0.639114
0.657841 0.656436 0.862257
0.85274 0.149171 0.35521
0.644614 0.662367 0.865147
0.643582 0.156689 0.64912
0.847545 0.157142 0.34693
0.657431 0.651232 0.847524
0.352004 0.351957 0.649809
0.650874 0.660306 0.847474
0.650655 0.65506 0.838905
0.354523 0.85741 0.148165
0.343166 0.850448 0.149175
0.656966 0.6561 0.852222
0.360089 0.844046 0.152086
0.647062 0.642049 0.844077
0.35583 0.847238 0.158438
0.346867 0.844253 0.155265
0.648245 0.652058 0.853174
0.644901 0.647313 0.859987
0.341607 0.86746 0.157245
0.641243 0.649148 0.855282
0.847071 0.151438 0.348941
0.341981 0.357073 0.640237
0.358684 0.350374 0.654615
0.842058 0.152274 0.346057
0.647112 0.144376 0.643719
0.349928 0.841115 0.136402
0.347298 0.347777 0.649906
0.344239 0.850937 0.156976
0.643751 0.656009 0.859337
0.657263 0.137336 0.643507
0.650186 0.650409 0.859678
0.654282 0.655398 0.840641
0.642595 0.642416 0.857141
0.347822 0.845655 0.154849
0.642713 0.155955 0.653453
0.358535 0.356251 0.648119
0.641646 0.14495 0.655483
0.658391 0.651484 0.856994
0.353551 0.853028 0.152739
0.341498 0.358733 0.651919
0.657408 0.146313 0.651353
0.64697 0.142321 0.645971
0.347501 0.348647 0.653543
0.357608 0.350564 0.656362
0.348374 0.351995 0.65187
0.344346 0.848297 0.131811
0.647708 0.160565 0.647323
0.351944 0.857408 0.143494
0.64398 0.147165 0.647655
0.349428 0.853364 0.152924
0.354097 0.351034 0.657389
0.349039 0.34706 0.647626
0.652855 0.143277 0.641949
0.345929 0.353649 0.658383
0.351786 0.360915 0.660854
0.851139 0.149561 0.36222
0.838621 0.15092 0.341252
0.641808 0.140406 0.651031
0.648266 0.146357 0.651212
0.85695 0.156167 0.345627
0.346445 0.855147 0.148924
0.853804 0.153445 0.349924
0.860545 0.14144 0.352852
0.647502 0.646186 0.853834
0.357223 0.347347 0.647728
0.354182 0.851277 0.148079
0.647663 0.148946 0.634
0.646949 0.655176 0.85102
0.649375 0.645282 0.858587
0.845849 0.141487 0.343467
0.645654 0.150266 0.646129
0.361045 0.835131 0.148611
0.349626 0.346684 0.655502
0.653828 0.165674 0.653066
0.656611 0.152216 0.645959
0.854063 0.166693 0.359238
0.661179 0.150964 0.646355
